-0.43284762
-0.10605863
-0.2439955
-0.009186357
-0.053289413
0.23632923
-0.4078401
-0.4067337
0.0027532578
-0.39210173
0.0043255687
-0.01030463
-0.25927043
0.27911922
-0.084076524
0.011613786
0.27305004
-0.22782807
-0.3545255
-0.28808218
0.052119315
-0.3284309
-0.016190976
-0.035315126
0.27653393
0.1552237
-0.18310061
0.28906438
-0.14812678
0.23032418
-0.41751394
0.013706416
0.0
0.33854452
0.19746497
-0.07590243
-0.16066673
0.31613222
-0.11035231
-0.42178658
0.28229317
0.3682479
0.39462075
0.37899193
0.31077257
-0.2016576
-0.11242151
0.0027127862
0.117731065
0.31555554
-0.21550164
0.24714002
0.36362758
-0.13551253
-0.40044308
0.22501102
0.28730097
0.24719855
-0.2172033
-0.06744185
-0.3788191
0.23417684
-0.05765921
0.05722612
0.2240453
0.0
0.101361305
-0.32426634
-0.36922216
0.11184296
-0.14640126
-0.019142866
0.34696886
0.37876222
0.31841573
-0.32821244
0.20864394
-0.18910733
-0.15623719
0.2961748
-0.29206035
0.013014317
0.34685746
0.35556987
-0.23596562
-0.03347501
0.12305215
0.14248464
0.36539844
-0.13716608
0.20973822
0.2650086
0.36990324
-0.3015497
-0.31366575
-0.24660516
0.2885997
0.30166307
0.0
-0.1506302
0.14632413
0.044565797
0.063173056
-0.17852283
0.20474556
-0.1853576
0.351226
-0.42698708
-0.25487918
-0.006695509
-0.102988124
-0.1433484
0.35356817
-0.07322392
-0.04352072
0.15284261
-0.1438328
-0.27276284
0.062971324
-0.34078467
0.36421338
-0.03129068
0.27347466
0.402478
-0.41781333
0.13379958
0.3287972
-0.19561361
0.1762658
-0.41273648
0.27157238
0.0
-0.2526609
0.20141521
0.15252152
0.39501068
-0.17504698
-0.061208308
0.20806941
0.04937339
0.35123828
-0.27914348
0.3296645
0.1070967
0.10339633
-0.14843723
0.4315072
0.12937489
-0.34022254
0.17112055
-0.14465076
-0.1586385
-0.0117409825
0.07427415
-0.057337612
0.12766382
-0.12700742
0.13512394
-0.07704207
-0.17083064
0.07826868
-0.43290284
0.2901198
-0.29210794
0.0
