0.34467956
-0.10542145
0.083786935
0.09411171
-0.24401574
0.16052982
0.39558986
-0.4164536
-0.40118515
-0.41941425
-0.3477412
-0.049179316
-0.27444512
0.32208624
0.22693714
-0.1386429
0.022482514
0.4149231
-0.007640779
-0.32079694
-0.22089987
-0.1705454
0.17985168
0.02288866
0.420136
-0.37128457
0.15687892
0.33005378
0.067385286
0.3681704
0.26935527
0.24816516
0.0
0.32160887
0.09591743
0.25658873
-0.15808702
0.41035572
-0.29374188
-0.37400594
-0.3835784
-0.11686665
-0.38041693
0.02304846
-0.41264203
-0.100073814
0.21388492
-0.016210884
-0.033670336
0.27164528
-0.2390892
-0.21077684
-0.34171084
-0.0080626905
-0.28813016
-0.30102533
-0.4257626
0.07833615
-0.03407678
-0.14044699
-0.13821292
0.3971084
-0.3133074
0.26601455
0.38037625
0.0
-0.1499793
-0.2672872
-0.32163027
-0.2061085
-0.38589454
0.116633624
0.07688931
-0.041036487
0.32408318
-0.3621644
0.18516412
-0.28046823
0.08069381
0.41084352
0.16168961
-0.41984424
0.10981175
-0.14335015
0.26317182
-0.12681717
0.048988104
-0.41121846
0.20034531
0.21466592
0.3929796
0.34677097
0.14142206
0.07812151
-0.056570858
-0.3139956
0.43260756
-0.076568514
0.0
-0.15850079
0.15014902
0.053679556
0.42395076
0.2812325
-0.38999227
-0.19355018
-0.28706795
-0.38654423
0.12645194
-0.37161234
0.29584536
-0.31790107
-0.11185381
0.066901386
0.40962252
-0.41955218
0.343546
-0.41293377
-0.30082858
0.017343402
-0.03563425
-0.037799448
0.09403756
-0.19723465
0.31650606
-0.012963623
0.2595758
-0.22857624
0.0629994
0.07331309
-0.2876143
0.0
-0.26902068
0.055382907
0.06237769
0.31544814
0.13826671
-0.2499158
0.03663957
0.23187241
-0.056011826
0.21378604
0.35537615
0.30798963
-0.27149105
0.008170366
0.33646724
0.14238325
-0.24791536
-0.19009438
0.13248792
-0.17438307
-0.43285215
-0.38777143
0.17628202
0.25968245
-0.27403432
-0.27515435
-0.06603378
-0.31716883
0.06949404
-0.36331242
0.4325253
0.3154495
0.0
-0.38487464
0.033822298
-0.37032682
0.2047691
0.02480352
0.0043492317
0.10417053
-0.2805304
0.31343374
0.2855293
0.2986093
0.2832276
-0.2517079
-0.38180888
-0.27788967
0.00088629127
-0.23703827
0.210345
0.056402892
-0.16463438
0.3711039
-0.3901655
-0.36210844
0.41598663
0.13476035
0.3410307
-0.31398022
-0.16645819
-0.31675225
0.12420645
0.1740838
-0.10226041
0.0
0.41679487
-0.24287392
0.035382032
0.4327573
-0.31507856
-0.34229898
-0.20778261
-0.40295446
0.38296732
-0.22313465
0.09718707
-0.36255145
-0.08763948
-0.36341244
0.3315558
0.03769344
-0.11336708
-0.39636466
-0.07823199
-0.16122782
0.21130678
-0.11039516
-0.17908764
-0.18523507
-0.37891337
-0.034791708
-0.0056310296
0.2526156
-0.054842442
0.3638201
-0.26427934
0.35395065
0.0
0.07723412
-0.2804288
0.13631955
-0.36494645
-0.3573221
0.035737276
0.0672684
0.19421616
-0.35492873
0.13006875
0.00675416
-0.24397351
-0.3002493
0.054573208
0.13428614
0.031341285
0.21432605
-0.3532603
-0.16432434
0.24213967
0.24789897
-0.30062068
0.08925703
0.18786588
-0.38998184
0.19873986
0.094454855
-0.23278816
-0.16294417
0.2715219
-0.08303961
0.24340805
0.0
-0.283983
-0.044632584
0.06649101
-0.31320488
-0.16999555
0.107806236
0.28306416
-0.030264199
0.22546694
0.33359227
-0.25210798
-0.026160687
-0.19373313
-0.3699624
-0.3399538
0.3386148
-0.20833091
0.10912439
-0.15321642
0.3870385
-0.15901151
-0.32409963
-0.32534406
0.031483322
0.24675271
-0.037534952
-0.29656845
0.026043296
0.010160387
-0.13598123
-0.31509674
-0.41317308
0.0
0.082303196
0.22686765
-0.11372769
0.3263882
0.37640044
0.36387423
-0.3053496
0.14335349
-0.05249068
0.08852103
-0.14725834
0.3536084
0.07920614
-0.009972602
0.32820222
-0.0011076331
-0.36611336
0.17231616
-0.24744613
0.22732219
0.1820316
-0.10331458
-0.08155835
-0.0453794
0.28390536
-0.39689034
-0.31784979
-0.30869418
-0.13479263
-0.11058751
0.3936815
-0.41263232
0.0
-0.18483894
0.28189078
0.120574266
0.09874526
-0.285954
0.27598777
-0.1672782
0.26495513
-0.23695703
0.04700005
0.34883675
0.3775302
0.116116494
0.15770677
-0.23598607
0.0149104
-0.17417485
0.21983436
-0.08756217
-0.3546796
0.42946395
0.26710537
0.25311515
0.4137734
-0.28158188
0.104557246
0.045096636
-0.124715656
0.17997083
-0.20316724
0.11641011
-0.14662766
0.0
-0.059330314
-0.42893168
-0.27993935
-0.06643993
-0.21628831
0.35378858
0.33812627
0.4038802
0.04241669
0.0011771321
-0.30212998
0.13004246
-0.080271155
-0.06229925
-0.037253648
0.04283324
0.3992984
-0.28881204
-0.0982596
-0.32357794
0.08285168
0.019827843
0.25354424
0.39332727
0.05412349
0.21078923
0.030741781
0.2838944
-0.15053153
0.015517652
0.42529902
0.40801653
0.0
0.14394543
0.21594164
0.1862751
-0.20694968
0.10120025
-0.3047248
-0.32948834
-0.22767797
-0.20666589
-0.3199774
-0.13413635
-0.0034890473
-0.10716298
-0.03232193
0.2524083
-0.40215817
-0.34479383
-0.26045075
0.028108567
0.087463886
-0.21166436
-0.37256494
0.36378977
0.41774818
-0.14700687
0.3529894
0.35302863
0.31064305
0.3770806
0.104144484
0.025664002
-0.3044232
0.0
0.07931951
-0.13362211
0.1073896
-0.15526727
-0.27899885
-0.38171917
0.13271537
-0.061620563
0.34501126
-0.18497325
-0.25286388
0.2867857
0.31328157
-0.23323838
0.12140396
-0.019799858
-0.15731779
0.1587716
-0.14929327
0.13833007
0.22994438
-0.12580058
-0.3631438
-0.13932964
-0.29558882
0.13224843
0.058010727
0.28838846
0.42009643
-0.28993797
-0.02788508
-0.4299652
0.0
0.29227075
0.32265696
0.035451293
0.006794423
-0.13762623
-0.368824
0.38956323
0.12282422
0.1421108
0.27609196
0.35250607
-0.39103135
-0.36458874
-0.1866837
-0.18323956
0.22695252
-0.304088
0.23800352
0.30312833
0.377072
0.10115543
-0.20437677
0.23884472
0.050056428
-0.13296294
0.32109055
0.21006224
0.3244504
0.2567673
0.24811319
-0.38296133
0.17319945
0.0
0.24977365
-0.4289106
-0.13750482
-0.35194474
-0.32565036
0.18405887
-0.37491968
0.23078701
0.05446282
0.036757976
-0.3467881
0.4151784
0.33135262
0.27257296
0.016506135
0.37209693
-0.015359372
0.2952884
0.023749143
-0.1484079
0.39295295
-0.29562783
-0.12561598
0.2663922
-0.39205426
-0.42726448
-0.27976733
0.35793367
0.124602586
-0.06775537
-0.17236796
-0.056176692
0.0
-0.42270198
-0.38060635
-0.37571886
0.08441958
-0.29395312
-0.14181665
-0.26692432
-0.22727327
0.3389559
-0.34763765
-0.06567958
0.42079362
-0.17229816
0.22847632
0.29857156
0.020246357
0.37238923
0.14618507
-0.12719315
0.32593718
0.22390696
-0.03198868
0.043468356
0.16684255
-0.08258307
0.22592583
0.4187847
0.09215894
-0.17250475
-0.24513535
0.14176908
0.40323362
0.0
-0.42064455
-0.3273668
-0.007656455
-0.38136342
0.35687187
-0.3033893
0.33252034
-0.013057262
0.38327393
0.014695257
-0.22761519
0.096750766
-0.21097443
0.055554897
0.33483103
-0.19756956
-0.122777134
-0.17478693
-0.09862962
0.1282492
0.42111912
-0.2217334
-0.1610485
-0.089490145
0.15337643
-0.39605743
-0.2505793
-0.34957904
-0.13295573
0.33171818
0.15728435
-0.15655535
0.0
-0.24297963
-0.3722323
0.29696098
-0.24002713
-0.1176523
-0.16111478
0.05464205
0.12437174
-0.31108737
0.24912992
0.2712151
-0.05629739
0.25426397
-0.045640707
-0.0912804
0.03287366
0.17507705
0.4060289
0.2196475
-0.28977042
0.03617984
0.28312352
-0.104379684
0.26452348
-0.2489915
0.16482303
0.20407018
0.23891154
0.025515854
0.39401278
-0.079604566
0.057602197
0.0
0.010460198
0.06533858
0.28422764
-0.3206524
0.41695824
-0.32162273
-0.22281833
-0.40896013
0.33576712
0.3000705
0.18729207
-0.19320682
0.43211392
0.37858537
0.30495986
0.3052521
-0.32513708
0.20053324
-0.0064799488
0.16909304
0.23017839
0.26168928
0.18990895
0.13608995
0.02733016
-0.19991328
0.37269256
0.010313928
-0.35997945
-0.22675471
0.013319284
-0.35158515
0.0
0.33040604
0.025127888
-0.38951552
-0.19819343
0.034344077
-0.3135789
0.25245598
0.41030398
-0.17189121
-0.11546147
0.07598421
0.41385826
-0.29421908
0.4061052
-0.1400646
0.41322586
-0.09654924
-0.2904706
-0.15801278
0.40210232
0.32181743
0.36852244
-0.19924048
-0.22725004
0.37912998
0.2564917
0.41483906
0.15709004
0.019320935
-0.21900328
-0.14414665
-0.26922446
0.0
-0.07120499
0.3083718
-0.11718196
-0.26083252
-0.20624952
-0.07605666
-0.41049457
0.21072266
0.099187285
-0.37106663
0.24224612
0.19488886
-0.35455936
-0.3535241
-0.08656126
-0.07655552
-0.15343675
-0.30350244
0.07309112
0.024438977
-0.07083136
-0.2761787
0.42826787
0.07670882
-0.369541
0.4169226
-0.13796526
0.13892797
-0.039996684
-0.006620556
0.37518355
-0.28626436
0.0
-0.14665204
0.26440552
-0.34300864
-0.27359504
0.40994367
0.068018824
-0.038211077
0.01678294
0.3969685
-0.25521314
-0.061377227
-0.25748512
-0.042535394
-0.081968814
0.07311109
-0.15606871
0.3097566
-0.0067074
0.38031897
0.10375747
-0.0370965
0.2965255
0.4184331
0.4020699
0.41665003
0.20167288
-0.18141225
0.36996624
0.22306427
0.3983558
-0.30655727
-0.30728757
0.0
-0.041172862
0.2627634
-0.08976352
-0.13451317
-0.36443782
0.23816791
-0.34334168
-0.28839362
0.3909144
0.08655539
0.1765401
-0.14384592
-0.09882143
-0.06324005
0.3923112
0.3054587
0.005295098
-0.20633346
-0.13004625
-0.12031087
0.38868847
-0.113524616
-0.20149076
-0.3388347
0.04349944
0.42544267
0.03387919
0.39704284
-0.39545348
0.008553505
-0.016882032
-0.3579789
0.0
-0.4165457
-0.3726751
0.14636204
-0.015251905
-0.21786301
0.3739122
-0.049653053
-0.20597449
-0.20233287
0.03636217
-0.021643579
-0.15814048
-0.4023814
-0.32124075
-0.1297355
-0.3402118
0.2734913
0.10317436
0.3193235
-0.4081113
0.15705678
0.3594047
0.25759205
-0.40192622
0.027290612
0.13062158
0.32783642
0.12963477
0.022531033
-0.41237453
0.25268683
0.011924326
0.0
-0.27848595
0.14461628
-0.3695603
0.30151406
-0.24668424
0.30946127
-0.3292545
0.3677816
0.39393184
0.027199268
0.2068772
-0.4214621
0.26573315
0.3217782
-0.4326048
-0.30490288
-0.29978627
0.4064527
0.086416215
-0.15070164
0.058220804
0.20366761
0.065900505
-0.21884862
0.34484193
0.21398857
0.02020052
-0.10212082
-0.4097297
-0.39652643
0.0852007
-0.08699888
0.0
0.25725493
-0.35295254
0.19172874
-0.12903917
0.33082154
-0.25368616
-0.21004951
-0.03514117
-0.4323498
-0.06867689
0.34998283
0.15976998
-0.26633006
-0.09999433
0.1965985
-0.097645015
-0.2547968
-0.18741101
0.30596521
-0.42028332
0.03841248
0.28080818
0.10664418
-0.3677788
0.2997047
-0.23762177
0.1413885
-0.13509533
0.25412813
-0.40182224
-0.050381005
-0.34223363
0.0
-0.34532252
-0.3768257
-0.14364347
-0.33968726
0.28478155
0.15621552
0.0068992972
-0.3143343
0.16423061
0.20667282
0.18088791
-0.39660418
-0.29899362
-0.2159117
-0.38889372
0.1853477
-0.26785406
0.343425
-0.328799
0.06788424
-0.35847023
0.23367396
-0.032799512
-0.25049144
-0.39225
0.06753579
0.3489363
0.25864664
0.2672495
-0.38945204
0.38365832
-0.07868314
0.0
-0.18810993
-0.081940114
-0.0035906136
0.40020493
-0.12415114
0.18715778
-0.010171771
0.42738727
-0.12651375
-0.339332
0.08160791
0.050243497
-0.36960262
-0.35030398
0.41286317
0.30048564
-0.25112844
-0.38261414
0.27838817
0.10433516
0.3620251
0.27417412
0.40509656
-0.14049211
-0.27210802
0.37045792
-0.3841687
0.340453
-0.080875516
-0.22173247
-0.4222749
-0.13732052
0.0
0.17314723
0.17135951
-0.048470676
-0.08665356
0.17341962
0.37383267
0.037252694
0.038262904
0.3906745
-0.37480253
0.14483556
0.0648101
-0.40449187
0.36117867
0.32135162
0.37741622
-0.41658357
0.13897184
-0.13905835
0.2024521
-0.06639758
-0.18265173
-0.08659884
-0.3185925
0.2821878
0.0657599
-0.21450724
0.25269273
0.13932994
0.3497692
0.025577277
0.3149067
0.0
-0.14467719
0.34409055
0.05193174
-0.21722499
-0.30675808
0.18430975
0.092615455
-0.010532051
0.4131159
-0.14893359
-0.42028734
-0.21137282
0.0256252
-0.32372797
-0.23041895
0.13328776
-0.066880345
-0.17676198
-0.261135
-0.06664494
0.29419354
0.26065144
-0.12964135
-0.061373293
0.34069476
-0.33209026
-0.037538975
0.42082915
-0.12613764
0.13985905
-0.0635795
-0.37858683
0.0
0.057830364
0.23112032
-0.036845326
0.36519042
-0.13725114
-0.14916381
0.103642255
-0.08284253
0.06974211
-0.21719702
-0.34580237
-0.16654542
-0.4236946
0.20069787
0.15604606
-0.41109976
0.04038185
0.22012237
0.30211774
0.009033859
-0.22722052
0.117004365
0.11241779
-0.039719492
0.17053649
0.105193585
-0.009412736
-0.06788072
-0.16340885
-0.04939714
0.023905754
0.23089609
0.0
