-0.43698835
-0.12273207
0.1989721
-0.2702216
-0.5236522
0.029892087
0.3680178
-0.15970054
0.31168842
-0.33639336
0.43480438
-0.020977318
0.37267357
0.40378308
-0.06789702
-0.48051727
0.17490804
-0.09450257
-0.4699826
0.0
0.059746087
0.37810856
-0.52893835
-0.38091826
0.10877812
0.2211045
-0.2758171
0.12069422
0.24686515
0.18127728
-0.33747387
-0.54660785
-0.19810542
0.2569011
-0.50196517
-0.54390264
-0.09491253
0.5608607
-0.34649983
0.0
0.2526492
-0.39554763
-0.3369929
-0.14496505
0.3968913
0.12871051
0.41982877
0.5398211
-0.19182792
0.07998294
0.541344
0.28421056
-0.013891697
0.054167688
-0.5184398
-0.11758351
0.13292873
0.55334336
0.23753941
0.0
-0.2862871
-0.14598396
-0.09751028
-0.25150838
0.13721502
-0.45187938
0.39768434
-0.33618248
0.03015536
-0.4892806
0.32700217
-0.2790716
0.19840461
-0.05649346
-0.24148336
0.28800446
-0.33562428
0.00015419722
0.51096016
0.0
-0.23036197
-0.41907686
-0.5146427
0.031867623
-0.54466003
0.070195556
-0.16310295
0.01282841
-0.19971317
-0.15293953
0.3156163
0.33821076
0.24590588
-0.05160117
-0.3673922
-0.5137891
-0.19734791
0.36834455
0.36906886
0.0
-0.22332427
0.53812104
0.45825773
-0.03778255
-0.003941953
0.2797805
-0.3303699
-0.123989195
-0.0833261
0.17540848
-0.2510168
-0.2297884
-0.05844891
-0.21649212
-0.0004579425
0.03342271
-0.40871638
-0.017227769
0.2135458
0.0
0.2173205
0.3381856
0.07288641
0.4135605
0.32712662
-0.54783
-0.43791255
0.022375286
0.33577478
0.30034357
0.05481106
-0.029287577
0.0537225
-0.30964428
0.5495072
0.18043953
0.2599072
0.19381577
0.1410932
0.0
0.11680198
-0.30978456
0.08929074
-0.13734028
0.5092357
0.18282157
0.51836675
-0.09521225
0.44185716
-0.22912654
0.15832525
0.010937452
-0.026391983
0.52696806
0.12861127
-0.3007711
0.36276668
0.28827947
0.11490673
0.0
-0.5425831
-0.08660433
0.00362283
0.15751898
0.457249
0.13276958
0.15447521
0.11861861
-0.5536848
-0.19841224
-0.3989179
-0.4737875
-0.2499778
0.41236466
-0.19694355
-0.44915116
0.21463197
0.1468752
-0.4763307
0.0
-0.4914752
-0.107307136
-0.20603701
0.19310355
0.12964731
0.42067832
-0.21429834
0.4879138
-0.025794446
0.2416476
-0.45245644
0.37013155
-0.46871755
-0.36608392
-0.5571867
-0.31797743
0.20182186
0.40203655
-0.06884879
0.0
-0.12739792
0.4790849
-0.32291204
0.3047034
0.36416316
-0.15387458
0.088514626
0.5368207
0.3961956
0.510874
0.25638753
-0.37295437
-0.22515109
-0.2837913
0.508426
-0.56070864
-0.2528802
0.42810136
0.33139735
0.0
-0.051447093
-0.17688707
0.29372525
0.51626056
-0.07940239
0.54506034
0.5106562
0.413808
0.11694884
-0.17660317
-0.38489038
-0.06675938
0.47067136
-0.16656727
0.159976
0.081938505
-0.1679537
-0.036804378
0.48951036
0.0
-0.27735025
-0.533473
-0.16970038
-0.35441482
-0.28413576
-0.18160582
-0.13060847
0.065121114
-0.31992173
0.1652453
0.12709606
0.312482
0.53632575
-0.44574794
0.5558781
0.09132308
0.33474016
-0.43215102
0.4855104
0.0
0.4981187
0.21619147
0.29217952
-0.060109317
-0.14729363
-0.5496863
-0.4324466
-0.40960038
-0.17949578
-0.47609395
-0.32540607
0.19981205
-0.21358019
0.43362558
0.26469654
0.15775037
0.34009022
-0.3384006
0.18079418
0.0
0.11408156
0.41861814
0.51082736
0.12433499
0.4097346
0.543323
0.540276
-0.17080024
-0.27170032
0.3606016
-0.42558333
-0.56171846
-0.49846345
-0.43428692
-0.52596587
0.52475363
-0.37856734
0.030622244
-0.079787314
0.0
-0.2508362
0.26235348
-0.1331155
0.0024383068
-0.20642823
0.37378436
0.524959
-0.055357575
-0.36835057
-0.38107383
0.06418496
-0.39596713
-0.081687
0.18488562
0.22008395
0.52847344
-0.43246144
0.047968626
-0.35365126
0.0
0.43695658
0.48227888
0.354043
0.5543615
0.31131786
-0.24820203
0.01613599
0.554058
0.082443714
-0.5182557
0.08365661
0.5313503
0.3268903
-0.42607182
0.15404272
-0.26236367
-0.2511497
-0.21723664
-0.016020894
0.0
0.2838217
-0.39280868
-0.035404503
0.50790673
-0.47139633
-0.46433228
-0.40374547
0.22930163
-0.16222686
-0.5511188
-0.4565053
0.084668875
-0.23792377
0.32478172
0.50538474
-0.16651568
-0.44040793
-0.53011894
-0.37173155
0.0
-0.55205226
0.34141153
0.3997829
-0.09318432
-0.20970899
0.2252528
-0.47737625
-0.3483774
-0.09624764
-0.19087988
0.21771348
0.5188721
0.35834736
0.35718644
-0.2118023
-0.05530411
-0.36812428
0.18968451
-0.5382921
0.0
-0.23386621
-0.3273911
-0.18168837
0.060921907
-0.3769526
-0.19846034
0.28330362
-0.4207164
0.49843556
0.1743015
-0.06218627
0.34208322
0.25354153
-0.43156886
0.12922966
0.40761745
0.07291752
-0.05538237
0.28571635
0.0
-0.02949375
-0.52903694
-0.3234166
0.120786965
-0.30922562
0.12388486
0.20883101
-0.06307855
0.5197658
-0.039377153
-0.40913236
-0.523827
0.3775165
-0.21487981
0.09304178
-0.059209347
0.45376247
0.39221114
0.38885695
0.0
-0.06896937
0.26468784
-0.19043523
0.49368733
-0.40900737
-0.34428328
0.067765415
-0.24121779
0.36399353
0.162449
0.32696426
-0.45701122
-0.32953155
0.31633484
0.15257901
-0.30241597
0.4670866
-0.5044143
0.47193593
0.0
-0.020130038
0.405626
-0.5127816
0.23540121
-0.0035716295
-0.4006216
-0.44543672
-0.06306866
0.43956286
-0.031981766
0.3850888
-0.43944648
0.03467101
0.29624456
-0.33474097
0.040527225
0.30506873
-0.42316097
0.33907747
0.0
0.4843629
0.29208034
0.40003783
-0.29474723
0.13817656
-0.20418367
0.32002145
-0.37956226
-0.40360048
0.5484986
0.41242677
0.05055535
0.41758865
0.2714798
0.5393751
-0.16184756
-0.4449193
-0.17406747
-0.037041366
0.0
0.40358323
-0.45442876
0.21587431
-0.24709147
-0.032077134
-0.46109557
-0.3384037
0.1486581
-0.21382177
-0.19983482
0.4370528
-0.073675424
0.23241478
-0.1302127
0.25940382
0.35744822
-0.40422136
0.11370975
-0.26335514
0.0
0.49420303
-0.22004661
0.52104586
-0.26128045
-0.03828162
0.42666763
0.050332546
0.4130407
0.11758268
0.41434568
0.12554818
0.25855798
0.5481309
0.24221271
0.41339856
0.33232957
0.34578907
0.3594566
-0.104774505
0.0
-0.030892253
-0.2525624
-0.49289915
0.17086321
0.0017935634
-0.56012774
0.2763995
-0.42157024
0.28130746
-0.5478592
0.50083226
-0.033848345
0.010550618
-0.0797672
0.049378097
0.14634722
0.43737853
0.54661936
-0.10320562
0.0
-0.15164503
0.12566757
-0.37411398
0.046610057
-0.16161913
-0.4636771
0.44133693
0.2450729
0.51054543
-0.38228005
0.4148091
-0.54080707
0.31944114
0.3914765
-0.16203648
0.13084161
0.40614206
-0.061724424
-0.4537244
0.0
0.026685238
0.21022522
-0.45466363
-0.44246277
0.51832885
0.04559326
0.49476188
0.37273383
-0.14915997
0.30630338
-0.15143669
-0.5503752
0.24211103
-0.35996598
-0.06177306
0.2280516
-0.30724138
-0.525468
-0.5362942
0.0
-0.1324645
-0.25607562
0.0074243546
-0.0100880265
-0.17568526
0.33505958
-0.13286671
-0.039619803
0.26626557
-0.32627076
-0.50551426
-0.2767386
0.18016809
0.34966803
0.075099885
0.32107586
0.065874696
0.19196326
-0.48478922
0.0
0.18829983
-0.511728
0.37146586
-0.30635107
0.22483367
0.3674947
0.1873501
-0.4733337
-0.3398239
-0.32998818
0.40243864
0.1447823
0.11721629
0.07551938
-0.14229578
0.020334482
0.3908574
-0.4930819
-0.3574493
0.0
-0.2595883
0.48290294
-0.5070588
0.008254468
0.43615502
0.34475917
-0.32480597
-0.15221149
0.43151945
0.054314554
-0.35433844
-0.5595007
0.36602038
-0.30260888
0.52228516
0.54507285
0.50237745
0.08284885
-0.39599204
0.0
